1	1	1	
2	1	-0.5	
22	1	-0.5	
1	2	-0.5	
2	2	2	
3	2	-0.5	
23	2	-1	
2	3	-0.5	
3	3	2	
4	3	-0.5	
24	3	-1	
3	4	-0.5	
4	4	2	
5	4	-0.5	
25	4	-1	
4	5	-0.5	
5	5	2	
6	5	-0.5	
26	5	-1	
5	6	-0.5	
6	6	2	
7	6	-0.5	
27	6	-1	
6	7	-0.5	
7	7	2	
8	7	-0.5	
28	7	-1	
7	8	-0.5	
8	8	2	
9	8	-0.5	
29	8	-1	
8	9	-0.5	
9	9	2	
10	9	-0.5	
30	9	-1	
9	10	-0.5	
10	10	2	
11	10	-0.5	
31	10	-1	
10	11	-0.5	
11	11	1	
32	11	-0.5	
1	22	-0.5	
22	22	2	
23	22	-1	
43	22	-0.5	
2	23	-1	
22	23	-1	
23	23	4	
24	23	-1	
44	23	-1	
3	24	-1	
23	24	-1	
24	24	4	
25	24	-1	
45	24	-1	
4	25	-1	
24	25	-1	
25	25	4	
26	25	-1	
46	25	-1	
5	26	-1	
25	26	-1	
26	26	4	
27	26	-1	
47	26	-1	
6	27	-1	
26	27	-1	
27	27	4	
28	27	-1	
48	27	-1	
7	28	-1	
27	28	-1	
28	28	4	
29	28	-1	
49	28	-1	
8	29	-1	
28	29	-1	
29	29	4	
30	29	-1	
50	29	-1	
9	30	-1	
29	30	-1	
30	30	4	
31	30	-1	
51	30	-1	
10	31	-1	
30	31	-1	
31	31	4	
32	31	-1	
52	31	-1	
11	32	-0.5	
31	32	-1	
32	32	2	
53	32	-0.5	
22	43	-0.5	
43	43	2	
44	43	-1	
64	43	-0.5	
23	44	-1	
43	44	-1	
44	44	4	
45	44	-1	
65	44	-1	
24	45	-1	
44	45	-1	
45	45	4	
46	45	-1	
66	45	-1	
25	46	-1	
45	46	-1	
46	46	4	
47	46	-1	
67	46	-1	
26	47	-1	
46	47	-1	
47	47	4	
48	47	-1	
68	47	-1	
27	48	-1	
47	48	-1	
48	48	4	
49	48	-1	
69	48	-1	
28	49	-1	
48	49	-1	
49	49	4	
50	49	-1	
70	49	-1	
29	50	-1	
49	50	-1	
50	50	4	
51	50	-1	
71	50	-1	
30	51	-1	
50	51	-1	
51	51	4	
52	51	-1	
72	51	-1	
31	52	-1	
51	52	-1	
52	52	4	
53	52	-1	
73	52	-1	
32	53	-0.5	
52	53	-1	
53	53	2	
74	53	-0.5	
43	64	-0.5	
64	64	2	
65	64	-1	
85	64	-0.5	
44	65	-1	
64	65	-1	
65	65	4	
66	65	-1	
86	65	-1	
45	66	-1	
65	66	-1	
66	66	4	
67	66	-1	
87	66	-1	
46	67	-1	
66	67	-1	
67	67	4	
68	67	-1	
88	67	-1	
47	68	-1	
67	68	-1	
68	68	4	
69	68	-1	
89	68	-1	
48	69	-1	
68	69	-1	
69	69	4	
70	69	-1	
90	69	-1	
49	70	-1	
69	70	-1	
70	70	4	
71	70	-1	
91	70	-1	
50	71	-1	
70	71	-1	
71	71	4	
72	71	-1	
92	71	-1	
51	72	-1	
71	72	-1	
72	72	4	
73	72	-1	
93	72	-1	
52	73	-1	
72	73	-1	
73	73	4	
74	73	-1	
94	73	-1	
53	74	-0.5	
73	74	-1	
74	74	2	
95	74	-0.5	
64	85	-0.5	
85	85	2	
86	85	-1	
106	85	-0.5	
65	86	-1	
85	86	-1	
86	86	4	
87	86	-1	
107	86	-1	
66	87	-1	
86	87	-1	
87	87	4	
88	87	-1	
108	87	-1	
67	88	-1	
87	88	-1	
88	88	4	
89	88	-1	
109	88	-1	
68	89	-1	
88	89	-1	
89	89	4	
90	89	-1	
110	89	-1	
69	90	-1	
89	90	-1	
90	90	4	
91	90	-1	
111	90	-1	
70	91	-1	
90	91	-1	
91	91	4	
92	91	-1	
112	91	-1	
71	92	-1	
91	92	-1	
92	92	4	
93	92	-1	
113	92	-1	
72	93	-1	
92	93	-1	
93	93	4	
94	93	-1	
114	93	-1	
73	94	-1	
93	94	-1	
94	94	4	
95	94	-1	
115	94	-1	
74	95	-0.5	
94	95	-1	
95	95	2	
116	95	-0.5	
85	106	-0.5	
106	106	2	
107	106	-1	
127	106	-0.5	
86	107	-1	
106	107	-1	
107	107	4	
108	107	-1	
128	107	-1	
87	108	-1	
107	108	-1	
108	108	4	
109	108	-1	
129	108	-1	
88	109	-1	
108	109	-1	
109	109	4	
110	109	-1	
130	109	-1	
89	110	-1	
109	110	-1	
110	110	4	
111	110	-1	
131	110	-1	
90	111	-1	
110	111	-1	
111	111	4	
112	111	-1	
132	111	-1	
91	112	-1	
111	112	-1	
112	112	4	
113	112	-1	
133	112	-1	
92	113	-1	
112	113	-1	
113	113	4	
114	113	-1	
134	113	-1	
93	114	-1	
113	114	-1	
114	114	4	
115	114	-1	
135	114	-1	
94	115	-1	
114	115	-1	
115	115	4	
116	115	-1	
136	115	-1	
95	116	-0.5	
115	116	-1	
116	116	2	
137	116	-0.5	
106	127	-0.5	
127	127	2	
128	127	-1	
148	127	-0.5	
107	128	-1	
127	128	-1	
128	128	4	
129	128	-1	
149	128	-1	
108	129	-1	
128	129	-1	
129	129	4	
130	129	-1	
150	129	-1	
109	130	-1	
129	130	-1	
130	130	4	
131	130	-1	
151	130	-1	
110	131	-1	
130	131	-1	
131	131	4	
132	131	-1	
152	131	-1	
111	132	-1	
131	132	-1	
132	132	4	
133	132	-1	
153	132	-1	
112	133	-1	
132	133	-1	
133	133	4	
134	133	-1	
154	133	-1	
113	134	-1	
133	134	-1	
134	134	4	
135	134	-1	
155	134	-1	
114	135	-1	
134	135	-1	
135	135	4	
136	135	-1	
156	135	-1	
115	136	-1	
135	136	-1	
136	136	4	
137	136	-1	
157	136	-1	
116	137	-0.5	
136	137	-1	
137	137	2	
158	137	-0.5	
127	148	-0.5	
148	148	2	
149	148	-1	
169	148	-0.5	
128	149	-1	
148	149	-1	
149	149	4	
150	149	-1	
170	149	-1	
129	150	-1	
149	150	-1	
150	150	4	
151	150	-1	
171	150	-1	
130	151	-1	
150	151	-1	
151	151	4	
152	151	-1	
172	151	-1	
131	152	-1	
151	152	-1	
152	152	4	
153	152	-1	
173	152	-1	
132	153	-1	
152	153	-1	
153	153	4	
154	153	-1	
174	153	-1	
133	154	-1	
153	154	-1	
154	154	4	
155	154	-1	
175	154	-1	
134	155	-1	
154	155	-1	
155	155	4	
156	155	-1	
176	155	-1	
135	156	-1	
155	156	-1	
156	156	4	
157	156	-1	
177	156	-1	
136	157	-1	
156	157	-1	
157	157	4	
158	157	-1	
178	157	-1	
137	158	-0.5	
157	158	-1	
158	158	2	
179	158	-0.5	
148	169	-0.5	
169	169	2	
170	169	-1	
190	169	-0.5	
149	170	-1	
169	170	-1	
170	170	4	
171	170	-1	
191	170	-1	
150	171	-1	
170	171	-1	
171	171	4	
172	171	-1	
192	171	-1	
151	172	-1	
171	172	-1	
172	172	4	
173	172	-1	
193	172	-1	
152	173	-1	
172	173	-1	
173	173	4	
174	173	-1	
194	173	-1	
153	174	-1	
173	174	-1	
174	174	4	
175	174	-1	
195	174	-1	
154	175	-1	
174	175	-1	
175	175	4	
176	175	-1	
196	175	-1	
155	176	-1	
175	176	-1	
176	176	4	
177	176	-1	
197	176	-1	
156	177	-1	
176	177	-1	
177	177	4	
178	177	-1	
198	177	-1	
157	178	-1	
177	178	-1	
178	178	4	
179	178	-1	
199	178	-1	
158	179	-0.5	
178	179	-1	
179	179	2	
200	179	-0.5	
169	190	-0.5	
190	190	2	
191	190	-1	
211	190	-0.5	
170	191	-1	
190	191	-1	
191	191	4	
192	191	-1	
212	191	-1	
171	192	-1	
191	192	-1	
192	192	4	
193	192	-1	
213	192	-1	
172	193	-1	
192	193	-1	
193	193	4	
194	193	-1	
214	193	-1	
173	194	-1	
193	194	-1	
194	194	4	
195	194	-1	
215	194	-1	
174	195	-1	
194	195	-1	
195	195	4	
196	195	-1	
216	195	-1	
175	196	-1	
195	196	-1	
196	196	4	
197	196	-1	
217	196	-1	
176	197	-1	
196	197	-1	
197	197	4	
198	197	-1	
218	197	-1	
177	198	-1	
197	198	-1	
198	198	4	
199	198	-1	
219	198	-1	
178	199	-1	
198	199	-1	
199	199	4	
200	199	-1	
220	199	-1	
179	200	-0.5	
199	200	-1	
200	200	2	
221	200	-0.5	
190	211	-0.5	
211	211	1	
212	211	-0.5	
191	212	-1	
211	212	-0.5	
212	212	2	
213	212	-0.5	
192	213	-1	
212	213	-0.5	
213	213	2	
214	213	-0.5	
193	214	-1	
213	214	-0.5	
214	214	2	
215	214	-0.5	
194	215	-1	
214	215	-0.5	
215	215	2	
216	215	-0.5	
195	216	-1	
215	216	-0.5	
216	216	2	
217	216	-0.5	
196	217	-1	
216	217	-0.5	
217	217	2	
218	217	-0.5	
197	218	-1	
217	218	-0.5	
218	218	2	
219	218	-0.5	
198	219	-1	
218	219	-0.5	
219	219	2	
220	219	-0.5	
199	220	-1	
219	220	-0.5	
220	220	2	
221	220	-0.5	
200	221	-0.5	
220	221	-0.5	
221	221	1	
421	421	1	
422	422	1	
423	423	1	
424	424	1	
425	425	1	
426	426	1	
427	427	1	
428	428	1	
429	429	1	
430	430	1	
431	431	1	
432	432	1	
433	433	1	
434	434	1	
435	435	1	
436	436	1	
437	437	1	
438	438	1	
439	439	1	
440	440	1	
441	441	1	
