11	11	1	
12	11	-0.5	
32	11	-0.5	
11	12	-0.5	
12	12	2	
13	12	-0.5	
33	12	-1	
12	13	-0.5	
13	13	2	
14	13	-0.5	
34	13	-1	
13	14	-0.5	
14	14	2	
15	14	-0.5	
35	14	-1	
14	15	-0.5	
15	15	2	
16	15	-0.5	
36	15	-1	
15	16	-0.5	
16	16	2	
17	16	-0.5	
37	16	-1	
16	17	-0.5	
17	17	2	
18	17	-0.5	
38	17	-1	
17	18	-0.5	
18	18	2	
19	18	-0.5	
39	18	-1	
18	19	-0.5	
19	19	2	
20	19	-0.5	
40	19	-1	
19	20	-0.5	
20	20	2	
21	20	-0.5	
41	20	-1	
20	21	-0.5	
21	21	1	
42	21	-0.5	
11	32	-0.5	
32	32	2	
33	32	-1	
53	32	-0.5	
12	33	-1	
32	33	-1	
33	33	4	
34	33	-1	
54	33	-1	
13	34	-1	
33	34	-1	
34	34	4	
35	34	-1	
55	34	-1	
14	35	-1	
34	35	-1	
35	35	4	
36	35	-1	
56	35	-1	
15	36	-1	
35	36	-1	
36	36	4	
37	36	-1	
57	36	-1	
16	37	-1	
36	37	-1	
37	37	4	
38	37	-1	
58	37	-1	
17	38	-1	
37	38	-1	
38	38	4	
39	38	-1	
59	38	-1	
18	39	-1	
38	39	-1	
39	39	4	
40	39	-1	
60	39	-1	
19	40	-1	
39	40	-1	
40	40	4	
41	40	-1	
61	40	-1	
20	41	-1	
40	41	-1	
41	41	4	
42	41	-1	
62	41	-1	
21	42	-0.5	
41	42	-1	
42	42	2	
63	42	-0.5	
32	53	-0.5	
53	53	2	
54	53	-1	
74	53	-0.5	
33	54	-1	
53	54	-1	
54	54	4	
55	54	-1	
75	54	-1	
34	55	-1	
54	55	-1	
55	55	4	
56	55	-1	
76	55	-1	
35	56	-1	
55	56	-1	
56	56	4	
57	56	-1	
77	56	-1	
36	57	-1	
56	57	-1	
57	57	4	
58	57	-1	
78	57	-1	
37	58	-1	
57	58	-1	
58	58	4	
59	58	-1	
79	58	-1	
38	59	-1	
58	59	-1	
59	59	4	
60	59	-1	
80	59	-1	
39	60	-1	
59	60	-1	
60	60	4	
61	60	-1	
81	60	-1	
40	61	-1	
60	61	-1	
61	61	4	
62	61	-1	
82	61	-1	
41	62	-1	
61	62	-1	
62	62	4	
63	62	-1	
83	62	-1	
42	63	-0.5	
62	63	-1	
63	63	2	
84	63	-0.5	
53	74	-0.5	
74	74	2	
75	74	-1	
95	74	-0.5	
54	75	-1	
74	75	-1	
75	75	4	
76	75	-1	
96	75	-1	
55	76	-1	
75	76	-1	
76	76	4	
77	76	-1	
97	76	-1	
56	77	-1	
76	77	-1	
77	77	4	
78	77	-1	
98	77	-1	
57	78	-1	
77	78	-1	
78	78	4	
79	78	-1	
99	78	-1	
58	79	-1	
78	79	-1	
79	79	4	
80	79	-1	
100	79	-1	
59	80	-1	
79	80	-1	
80	80	4	
81	80	-1	
101	80	-1	
60	81	-1	
80	81	-1	
81	81	4	
82	81	-1	
102	81	-1	
61	82	-1	
81	82	-1	
82	82	4	
83	82	-1	
103	82	-1	
62	83	-1	
82	83	-1	
83	83	4	
84	83	-1	
104	83	-1	
63	84	-0.5	
83	84	-1	
84	84	2	
105	84	-0.5	
74	95	-0.5	
95	95	2	
96	95	-1	
116	95	-0.5	
75	96	-1	
95	96	-1	
96	96	4	
97	96	-1	
117	96	-1	
76	97	-1	
96	97	-1	
97	97	4	
98	97	-1	
118	97	-1	
77	98	-1	
97	98	-1	
98	98	4	
99	98	-1	
119	98	-1	
78	99	-1	
98	99	-1	
99	99	4	
100	99	-1	
120	99	-1	
79	100	-1	
99	100	-1	
100	100	4	
101	100	-1	
121	100	-1	
80	101	-1	
100	101	-1	
101	101	4	
102	101	-1	
122	101	-1	
81	102	-1	
101	102	-1	
102	102	4	
103	102	-1	
123	102	-1	
82	103	-1	
102	103	-1	
103	103	4	
104	103	-1	
124	103	-1	
83	104	-1	
103	104	-1	
104	104	4	
105	104	-1	
125	104	-1	
84	105	-0.5	
104	105	-1	
105	105	2	
126	105	-0.5	
95	116	-0.5	
116	116	2	
117	116	-1	
137	116	-0.5	
96	117	-1	
116	117	-1	
117	117	4	
118	117	-1	
138	117	-1	
97	118	-1	
117	118	-1	
118	118	4	
119	118	-1	
139	118	-1	
98	119	-1	
118	119	-1	
119	119	4	
120	119	-1	
140	119	-1	
99	120	-1	
119	120	-1	
120	120	4	
121	120	-1	
141	120	-1	
100	121	-1	
120	121	-1	
121	121	4	
122	121	-1	
142	121	-1	
101	122	-1	
121	122	-1	
122	122	4	
123	122	-1	
143	122	-1	
102	123	-1	
122	123	-1	
123	123	4	
124	123	-1	
144	123	-1	
103	124	-1	
123	124	-1	
124	124	4	
125	124	-1	
145	124	-1	
104	125	-1	
124	125	-1	
125	125	4	
126	125	-1	
146	125	-1	
105	126	-0.5	
125	126	-1	
126	126	2	
147	126	-0.5	
116	137	-0.5	
137	137	2	
138	137	-1	
158	137	-0.5	
117	138	-1	
137	138	-1	
138	138	4	
139	138	-1	
159	138	-1	
118	139	-1	
138	139	-1	
139	139	4	
140	139	-1	
160	139	-1	
119	140	-1	
139	140	-1	
140	140	4	
141	140	-1	
161	140	-1	
120	141	-1	
140	141	-1	
141	141	4	
142	141	-1	
162	141	-1	
121	142	-1	
141	142	-1	
142	142	4	
143	142	-1	
163	142	-1	
122	143	-1	
142	143	-1	
143	143	4	
144	143	-1	
164	143	-1	
123	144	-1	
143	144	-1	
144	144	4	
145	144	-1	
165	144	-1	
124	145	-1	
144	145	-1	
145	145	4	
146	145	-1	
166	145	-1	
125	146	-1	
145	146	-1	
146	146	4	
147	146	-1	
167	146	-1	
126	147	-0.5	
146	147	-1	
147	147	2	
168	147	-0.5	
137	158	-0.5	
158	158	2	
159	158	-1	
179	158	-0.5	
138	159	-1	
158	159	-1	
159	159	4	
160	159	-1	
180	159	-1	
139	160	-1	
159	160	-1	
160	160	4	
161	160	-1	
181	160	-1	
140	161	-1	
160	161	-1	
161	161	4	
162	161	-1	
182	161	-1	
141	162	-1	
161	162	-1	
162	162	4	
163	162	-1	
183	162	-1	
142	163	-1	
162	163	-1	
163	163	4	
164	163	-1	
184	163	-1	
143	164	-1	
163	164	-1	
164	164	4	
165	164	-1	
185	164	-1	
144	165	-1	
164	165	-1	
165	165	4	
166	165	-1	
186	165	-1	
145	166	-1	
165	166	-1	
166	166	4	
167	166	-1	
187	166	-1	
146	167	-1	
166	167	-1	
167	167	4	
168	167	-1	
188	167	-1	
147	168	-0.5	
167	168	-1	
168	168	2	
189	168	-0.5	
158	179	-0.5	
179	179	2	
180	179	-1	
200	179	-0.5	
159	180	-1	
179	180	-1	
180	180	4	
181	180	-1	
201	180	-1	
160	181	-1	
180	181	-1	
181	181	4	
182	181	-1	
202	181	-1	
161	182	-1	
181	182	-1	
182	182	4	
183	182	-1	
203	182	-1	
162	183	-1	
182	183	-1	
183	183	4	
184	183	-1	
204	183	-1	
163	184	-1	
183	184	-1	
184	184	4	
185	184	-1	
205	184	-1	
164	185	-1	
184	185	-1	
185	185	4	
186	185	-1	
206	185	-1	
165	186	-1	
185	186	-1	
186	186	4	
187	186	-1	
207	186	-1	
166	187	-1	
186	187	-1	
187	187	4	
188	187	-1	
208	187	-1	
167	188	-1	
187	188	-1	
188	188	4	
189	188	-1	
209	188	-1	
168	189	-0.5	
188	189	-1	
189	189	2	
210	189	-0.5	
179	200	-0.5	
200	200	2	
201	200	-1	
221	200	-0.5	
180	201	-1	
200	201	-1	
201	201	4	
202	201	-1	
222	201	-1	
181	202	-1	
201	202	-1	
202	202	4	
203	202	-1	
223	202	-1	
182	203	-1	
202	203	-1	
203	203	4	
204	203	-1	
224	203	-1	
183	204	-1	
203	204	-1	
204	204	4	
205	204	-1	
225	204	-1	
184	205	-1	
204	205	-1	
205	205	4	
206	205	-1	
226	205	-1	
185	206	-1	
205	206	-1	
206	206	4	
207	206	-1	
227	206	-1	
186	207	-1	
206	207	-1	
207	207	4	
208	207	-1	
228	207	-1	
187	208	-1	
207	208	-1	
208	208	4	
209	208	-1	
229	208	-1	
188	209	-1	
208	209	-1	
209	209	4	
210	209	-1	
230	209	-1	
189	210	-0.5	
209	210	-1	
210	210	2	
231	210	-0.5	
200	221	-0.5	
221	221	1	
222	221	-0.5	
201	222	-1	
221	222	-0.5	
222	222	2	
223	222	-0.5	
202	223	-1	
222	223	-0.5	
223	223	2	
224	223	-0.5	
203	224	-1	
223	224	-0.5	
224	224	2	
225	224	-0.5	
204	225	-1	
224	225	-0.5	
225	225	2	
226	225	-0.5	
205	226	-1	
225	226	-0.5	
226	226	2	
227	226	-0.5	
206	227	-1	
226	227	-0.5	
227	227	2	
228	227	-0.5	
207	228	-1	
227	228	-0.5	
228	228	2	
229	228	-0.5	
208	229	-1	
228	229	-0.5	
229	229	2	
230	229	-0.5	
209	230	-1	
229	230	-0.5	
230	230	2	
231	230	-0.5	
210	231	-0.5	
230	231	-0.5	
231	231	1	
421	421	1	
422	422	1	
423	423	1	
424	424	1	
425	425	1	
426	426	1	
427	427	1	
428	428	1	
429	429	1	
430	430	1	
431	431	1	
432	432	1	
433	433	1	
434	434	1	
435	435	1	
436	436	1	
437	437	1	
438	438	1	
439	439	1	
440	440	1	
441	441	1	
